20 175
6 2
11 1
8 15
2 19
6 8
5 19
3 8
19 15
11 13
7 4
1 9
18 6
19 1
14 16
4 5
2 18
8 11
7 16
2 4
9 3
1 13
13 4
6 5
1 18
12 20
5 14
1 17
3 20
20 2
7 14
13 3
14 8
3 1
3 11
9 13
15 9
2 14
16 15
15 4
5 13
18 20
4 20
5 16
2 16
1 6
10 6
6 17
12 13
7 3
3 14
19 20
5 10
20 1
11 17
15 7
3 10
10 17
3 4
19 17
5 7
15 10
9 16
11 19
6 3
12 5
8 10
2 5
8 9
17 5
5 9
6 16
16 12
1 14
11 10
11 14
3 17
16 3
17 13
18 11
11 2
20 10
1 5
7 8
7 13
18 14
15 18
8 17
13 15
8 16
9 20
9 2
13 6
19 14
14 20
8 5
12 9
1 8
12 2
16 13
13 19
16 11
10 1
18 12
20 8
12 7
20 15
10 7
7 18
3 18
18 4
1 12
4 16
11 5
13 10
20 13
17 12
6 20
18 5
15 1
12 3
15 6
9 7
15 17
9 11
15 11
15 14
11 7
20 16
6 19
10 2
1 7
3 2
14 10
8 18
1 4
20 11
9 18
10 16
6 4
18 16
17 2
8 4
14 17
8 12
9 4
9 17
11 12
14 12
13 14
5 3
5 20
7 17
18 17
16 17
4 12
10 12
7 19
10 4
6 11
11 4
12 15
20 7
2 13
2 1
19 18
2 15
19 10
12 6
4 14
13 18
9 19
6 7
3 19
15 3
20 17
